Zero SyCos SySin x_Fe1_cod-1101111.cif x_P1_cod-1101111.cif x_O1_cod-1101111.cif x_O2_cod-1101111.cif x_O3_cod-1101111.cif y_O3_cod-1101111.cif z_Fe1_cod-1101111.cif z_P1_cod-1101111.cif z_O1_cod-1101111.cif z_O2_cod-1101111.cif z_O3_cod-1101111.cif biso_Fe1_cod-1101111.cif biso_P1_cod-1101111.cif biso_O1_cod-1101111.cif biso_O2_cod-1101111.cif biso_O3_cod-1101111.cif biso_AL1_cod-4313206.cif scale_Scale_cod-1101111.cif scale_Scale_cod-4313206.cif u_U_cod-1101111.cif u_U_cod-4313206.cif y_u_Y_cod-1101111.cif y_u_Y_cod-4313206.cif abc_a_cod-1101111.cif abc_b_cod-1101111.cif abc_c_cod-1101111.cif abc_abc_cod-4313206.cif chi
-0.02776 0.01773 -0.03884 -0.01962 0.04131 0.01986 0.03196 -0.01128 0.0372 -0.01001 0.03775 -0.00802 -0.03927 -0.00261 0.23241 0.58825 1.39814 0.62523 1.05027 0.87652 9.331059243566001e-08 9.026953165484807e-08 0.24678 0.45709 0.03156 0.41891 10.82475 5.94596 4.84089 3.83689 362644.7777679562
0.04455 -0.03387 -0.0041 -0.01517 0.02915 -0.03469 -0.00299 0.03438 0.01556 0.01593 -0.0156 -0.00253 -0.03861 0.02152 0.84346 0.85125 0.74827 0.16493 1.2438 0.87958 3.683381607686966e-08 8.762171986516049e-08 0.31157 0.09525 0.1198 0.33547 10.15017 6.15452 4.552 3.64503 362643.45910736616
0.04373 0.03322 -0.04389 0.02135 -0.04681 0.01668 -0.0293 0.03636 -0.04767 0.00636 -0.00439 -0.04717 0.01611 0.00518 0.18137 0.70664 0.7298 0.69499 0.98931 0.88825 7.736369411500324e-08 4.348350855336662e-08 0.4901 0.47634 0.17613 0.32343 9.60267 5.4427 5.11417 4.27454 362635.8873242422
-0.04883 -0.0214 -0.01355 0.0325 -0.00146 -0.02709 0.04961 -0.00165 0.04471 0.03628 0.03778 -0.00429 -0.00727 -0.03413 0.19079 0.38869 0.09982 0.13264 0.90308 0.23086 6.0511328848966515e-09 8.688766872592889e-08 0.12232 0.27951 0.38915 0.0976 10.26129 6.28587 5.13054 4.38022 362657.5633501986
0.01297 0.03619 -0.03204 -0.04882 -0.00664 0.01602 -0.0143 0.03231 -0.00906 -0.0472 -0.02483 0.03649 -0.03608 -0.02064 0.61261 0.34747 0.20182 1.33754 0.19445 0.17959 7.169708281549238e-08 3.47041825940583e-08 0.24718 0.09685 0.22011 0.46363 11.31354 5.98413 4.93938 4.28036 362634.8316711483
-0.02068 -0.04896 -0.0114 -0.03573 -0.04984 -0.04796 -0.03631 -0.02932 -0.01394 -0.019 -0.02364 -0.04511 -0.0197 -0.00913 0.02327 0.06909 1.35816 0.47841 0.23385 0.03507 4.491977070352234e-08 5.2244628219984643e-08 0.18396 0.43398 0.12109 0.04923 9.8731 6.16708 4.76677 4.14252 362640.8664623321
0.0397 -0.01163 0.03791 0.00574 -0.03095 0.04769 -0.02398 -0.01841 0.03903 0.03018 -0.00551 0.00754 -0.00341 -0.0152 0.60626 0.263 0.13592 1.09229 0.94316 1.01039 6.94211128167979e-08 1.1242739828576202e-08 0.02377 0.49037 0.04124 0.15752 10.30107 6.0025 4.88173 3.73467 362639.11663114716
0.00968 0.0129 -0.0279 -0.00555 -0.02925 0.00702 -0.04954 -0.04445 0.01491 -0.01353 -0.03568 -0.02299 0.01245 0.0326 1.28666 0.45587 0.07704 0.86567 0.13815 0.12861 9.986186193104506e-08 6.928813135007373e-08 0.04328 0.02996 0.30943 0.22206 9.57876 6.00708 5.04028 3.76258 362618.61225606414
0.04753 0.04913 -0.00617 -0.01154 -0.01418 -0.02256 0.03445 -0.02551 0.01937 0.03663 0.02022 -0.02719 0.02848 -0.0068 1.24581 1.36621 0.511 1.07031 1.13097 1.15109 6.602581883726937e-08 6.595875823825868e-08 0.31326 0.28222 0.36873 0.38407 10.10443 5.43673 4.92221 3.81986 362634.2477135395
